 WDC for Geomagnetism, Kyoto
                                Hourly Equatorial Dst Values (PROVISIONAL)
                                            JANUARY   2026
      unit=nT                                                                                      UT
      1   2   3   4   5   6   7   8    9  10  11  12  13  14  15  16   17  18  19  20  21  22  23  24
DAY
 1    2   4   2   4  14  19  20  18    5   1   4   8   4   3  -1  -4   -8 -12  -8  -6  -9 -10 -17  -8
 2    0   3   4   5   1  -2   2   5   -2  -2  -4  -4 -10 -10 -15 -13   -4  -6 -14 -17 -14 -10 -24 -28
 3  -26 -23 -20 -21 -19 -18 -11  -7   -5  -6  -8 -10 -12 -15 -18 -21  -27 -26 -19 -10  -6  -2  -2  -3
 4   -1  -1  -1   1   2   1   3   6    9  11   9   8   8   7   9  10   11   8  10  10   5   7   6   5
 5    5   4   6   0 -13 -15 -22 -29  -30 -30 -21 -23 -24 -29 -28 -22  -18 -14 -15  -9  -5  -5   0   0

 6    2   6   4   4   7   7   8   6    6   4   3   3   4   6   7   6    7   8   7   5   3   1   0   4
 7    9  12  11  10  13  14  18  18   16  13  12  14  13  12  12  10    5   4   2   0  -1  -1  -2  -7
 8   -6  -3  -5  -3   1   6  -4 -23  -36 -25 -20 -17 -19 -16 -11  -5   -6  -5  -2   4   3  -3  -5  -4
 9   -3  -8 -15  -7   4  10  13   9    7  10   8  10   5   1   2  -5   -9 -12  -9  -7  -1   2   2   2
10    5   8  14  18  18  11   5   6   12   3  -8  -7 -13 -26 -20 -25  -34 -40 -47 -47 -25 -32 -61 -65

11  -61 -55 -51 -45 -44 -42 -43 -41  -36 -36 -36 -39 -45 -46 -42 -55  -69 -68 -74 -61 -56 -60 -64 -51
12  -42 -41 -41 -39 -43 -45 -44 -39  -34 -25 -26 -26 -24 -26 -27 -24  -23 -26 -29 -32 -31 -28 -33 -30
13  -28 -25 -20 -23 -19 -16 -13  -6   -1 -13 -15 -13 -16 -19 -23 -27  -29 -28 -24 -17 -19 -21 -22 -20
14  -18 -18 -16 -14  -8  -8  -5  -2    1   0   0  -2  -3  -3  -2   1    3   0  -2  -1   2   3   9  11
15    8   6   6   9  12  10   9  15   10  -1  -8  -5  -3  -3   1   0   -5  -3  -5  -6  -3  -4  -7   0

16    8  20  28  26  22  16   2  -5    3  -1   5   7   9  10   2 -23  -30 -22 -23 -20 -25 -27 -31 -23
17  -18 -18 -17 -24 -22 -22 -22 -22  -20 -18 -15 -11 -15 -18 -18 -15  -14 -11 -21 -19 -16 -16 -20 -12
18   -8  -6  -4  -5  -5  -4  -5  -4   -8 -12 -15 -16 -20 -24 -18 -19  -27 -26 -17 -12 -15 -13 -15 -15
19  -15 -17 -11  -7  -7 -10  -9  -7   -9 -10 -10  -8  -6  -5  -9 -12  -13 -15 -18  47  26 -134 -106 -105
20 -108 -129 -122 -111 -101 -96 -87 -98 -116 -136 -143 -204 -204 -200 -235 -221 -236 -194 -184 -196 -184 -202 -202 -190

21 -167 -148 -135 -139 -147 -137 -134 -140 -135 -138 -155 -143 -134 -136 -128 -118 -110 -106 -89 -80 -78 -75 -73 -66
22  -64 -69 -67 -65 -62 -65 -62 -65  -63 -59 -56 -55 -53 -56 -53 -56  -59 -59 -50 -44 -40 -48 -65 -65
23  -61 -62 -65 -64 -56 -53 -53 -47  -54 -63 -70 -63 -55 -58 -65 -71  -69 -66 -59 -66 -64 -58 -67 -73
24  -71 -67 -60 -57 -55 -54 -50 -45  -45 -49 -52 -45 -44 -51 -53 -53  -50 -46 -52 -48 -42 -43 -54 -49
25  -47 -43 -42 -37 -36 -34 -32 -28  -28 -36 -45 -50 -46 -48 -55 -48  -43 -37 -34 -32 -28 -28 -34 -36

26  -36 -36 -37 -35 -31 -27 -25 -22  -22 -32 -38 -34 -32 -36 -47 -46  -42 -38 -35 -30 -33 -34 -35 -31
27  -30 -33 -33 -29 -26 -23 -22 -22  -20 -25 -27 -25 -21 -22 -23 -21  -21 -28 -27 -29 -25 -23 -28 -34
28  -38 -35 -32 -28 -31 -30 -29 -27  -23 -28 -32 -30 -30 -35 -35 -39  -44 -46 -42 -37 -33 -39 -44 -45
29  -39 -33 -39 -41 -37 -33 -28 -27  -26 -30 -36 -37 -33 -32 -36 -45  -48 -41 -43 -45 -45 -40 -46 -48
30  -44 -37 -35 -36 -35 -36 -33 -28  -28 -27 -27 -27 -24 -21 -22 -26  -27 -27 -26 -24 -18 -17 -22 -22

31  -21 -20 -24 -24 -20 -18 -18 -18  -15 -14 -16 -16 -13 -14 -19 -24  -26 -22 -19 -15 -10 -10 -19 -24